dickens 0.6309705246414845 0.4182248304283388 0.32141970631975875
mozilla 0.5162347365741203 0.3927764831567373 0.3305101982644442
mr 0.5458589905245079 0.3833276633097185 0.33310924035992345
nci 0.16509029102674852 0.08505567759137699 0.06675678160618083
ooffice 0.7053315306154294 0.5861691247607357 0.4664298513440413
osdb 0.5216544559595562 0.36969381551117403 0.33100095144761627
reymont 0.4802707085131855 0.32434472345946297 0.251036410237684
samba 0.35738262736966825 0.2552421967565166 0.20246973119075828
sao 0.9363646492581851 0.8620888412817308 0.7189157831334605
webster 0.4860077026529267 0.3297148007741583 0.24727131478280928
x-ray 0.9920221754399214 0.7991675949701684 0.6320532578732724
xml 0.22975522329980844 0.13054694983237547 0.09694291038074712
